49	0	31867106068791296	0
49	0	31847756645531649	0
49	0	31844905143771137	0
49	0	31844405954482176	0
49	0	31831531446075393	0
49	0	31827889909403648	0
49	0	31823094465175552	0
49	0	31813713640030208	0
49	0	31810822032326657	0
49	0	31800740192190464	0
49	0	31795042314092545	0
49	0	31793472423862272	0
49	0	31793341301526528	0
49	0	31792718476738561	0
49	0	31776419226849280	0
49	0	31775600624541696	0
49	0	31772564695031808	0
49	0	31768917974188032	0
49	0	31762050690588672	0
49	0	31761507104595968	0
49	0	31757579466055680	0
49	0	31751078735253504	0
49	0	31740074131456001	0
49	0	31737667603406849	0
49	0	31733093396119552	0
49	0	31731606611824640	0
49	0	31729189790945280	0
49	0	31729127878828032	0
49	0	31721111326556161	0
49	0	31720198834757633	0
49	0	31716156884647937	0
49	0	31714371382026240	0
49	0	31713042987225091	0
49	0	31709904930603008	0
49	0	31709876178653184	0
49	0	31697865919172608	0
49	0	31694822221811714	0
49	0	31683322287497216	0
49	0	31676395608350720	0
49	0	31671562805444608	0
49	0	31644443790544896	0
49	0	31633374997123072	0
49	0	31627734769737728	0
49	0	31598292315934720	0
49	0	31579338897887232	0
49	0	31563673323438080	0
49	0	31544014821920768	0
49	0	31540001195950080	0
49	0	31537973761679362	0
49	0	31533350762053634	0
49	0	31524626127396864	0
49	0	31522710861385728	0
49	0	31521116690325504	0
49	0	31510485794816000	0
49	0	31508635456643072	0
49	0	31502106389118977	0
49	0	31499776683933696	0
49	0	31494597444108288	0
49	0	31494485774958592	0
49	0	31494321660231680	0
49	0	31494092974198785	0
49	0	31494084661084160	0
49	0	31491880462061568	0
49	0	31486217694482432	0
49	0	31484693715091456	0
49	0	31483788978556928	0
49	0	31482871810101248	0
49	0	31481138606247936	0
49	0	31479063524675584	0
49	0	31478178308427776	0
49	0	31477135927414784	0
49	0	31475445023121408	0
49	0	31474863600308224	0
49	0	31473891469697024	0
49	0	31471695042707457	0
49	0	31471089397800960	0
49	0	31468633548922880	0
49	0	31464272215154688	0
49	0	31462890519138305	0
49	0	31462381213192192	0
49	0	31459196989865984	0
49	0	31457991953747968	0
49	0	31457564008914944	0
49	0	31456968614871040	0
49	0	31454836151033856	0
49	0	31435314874548224	0
49	0	31432145637474305	0
49	0	31430320360263680	0
49	0	31426372077359104	0
49	0	31425611159306241	0
49	0	31420538291232768	0
49	0	31413717388234752	0
49	0	31404095747129344	0
49	0	31395560535625729	0
49	0	31392405932474368	0
49	0	31392404326055936	0
49	0	31380247010086912	0
49	0	31369941764546560	0
49	0	31365408598528000	0
49	0	31353834857046016	0
49	0	31345708850221056	0
49	0	31332907297542144	0
49	0	31318996494057473	0
49	0	31306191845982208	0
49	0	31302414527111169	0
49	0	31291921959747584	0
49	0	31283787530764288	0
49	0	31282540237033472	0
49	0	31271791179599872	0
49	0	31263041010016256	0
49	0	31261817690923008	0
49	0	31256626484740096	0
49	0	31249852717342720	0
49	0	31247531786637312	0
49	0	31243689170829312	0
49	0	31240391692918784	0
49	0	31226744983785472	0
49	0	31213268995411968	0
49	0	31212834431963136	0
49	0	31181287960084482	0
49	0	31175885272911872	0
49	0	31167282067542016	0
49	0	31162375390367744	0
49	0	31158789310775296	0
49	0	31154937345875968	0
49	0	31144631425040384	0
49	0	31133972125720576	0
49	0	31132193287839744	0
49	0	31132001088053248	0
49	0	31115668636049408	0
49	0	31114112557645824	0
49	0	31096005491425280	0
49	0	31088840013783042	0
49	0	31085443894218752	0
49	0	31084674503671808	0
49	0	31068812463833088	0
49	0	31064054474735617	0
49	0	31061644213755904	0
49	0	31051392953098241	0
49	0	31050045499383808	0
49	0	31044738354253824	0
49	0	31037571173720064	0
49	0	31035037436608512	0
49	0	31033872443506688	0
49	0	31024672598392833	0
49	0	31022926639661056	0
49	0	31020217756811264	0
49	0	31015036205932545	0
49	0	31013739121610753	0
49	0	31011351472119808	0
49	0	30997992957812736	0
49	0	30987987319787520	0
49	0	30977645021765633	0
49	0	30977485986332672	0
49	0	30973520112517121	0
49	0	30971498835480576	0
49	0	30943496902803457	0
49	0	30916672059613184	0
49	0	30900660408946688	0
49	0	30894107916242944	0
49	0	30891059345096704	0
49	0	30887911733862400	0
49	0	30882802761207808	0
49	0	30876870706724864	0
49	0	30871551041601536	0
49	0	30856499827970048	0
49	0	30851285758513153	0
49	0	30850299618922496	0
49	0	30840353938477056	0
49	0	30831188176281600	0
49	0	30826447425773569	0
49	0	30821875617632256	0
49	0	30799985612165120	0
49	0	30798315658412032	0
49	0	30797411735568385	0
49	0	30796435741999105	0
49	0	30783835524300800	0
49	0	30783810249433088	0
49	0	30771382283407360	0
49	0	30769702187831296	0
49	0	30758006060752896	0
49	0	30746831033991168	0
49	0	30733660873293824	0
49	0	30733390583963649	0
49	0	30731092516405249	0
49	0	30721013201240065	0
49	0	30714198107365377	0
49	0	30701680903331841	0
49	0	30699185414082560	0
49	0	30697410837614592	0
49	0	30686895180611584	0
49	0	30686087303143424	0
49	0	30683542778286080	0
49	0	30675885946306560	0
49	0	30668448270913537	0
49	0	30662478178291712	0
49	0	30661482534412288	0
49	0	30655913094287360	0
49	0	30647159619592192	0
49	0	30647035698880513	0
49	0	30623999469821952	0
49	0	30615949702856704	0
49	0	30608683968765952	0
49	0	30570553546903552	0
49	0	30525909563867136	0
49	0	30523563228266496	0
49	0	30523133245001728	0
49	0	30503857536638976	0
49	0	30492931005612032	0
49	0	30452803826622466	0
49	0	30449833303080960	0
49	0	30439857062944768	0
49	0	30422776011558912	0
49	0	30414545319104512	0
49	0	30411500271181824	0
49	0	30398496490131456	0
49	0	30397831500005376	0
49	0	30373424987643904	0
49	0	30373359204171776	0
49	0	30372957297573889	0
49	0	30366732874940417	0
49	0	30365275782127616	0
49	0	30361904736116738	0
49	0	30357441312989184	0
49	0	30349244317564928	0
49	0	30346641240227840	0
49	0	30331967018897408	0
49	0	30328219433439232	0
49	0	30319433318666240	0
49	0	30316269957808128	0
49	0	30309634728267776	0
49	0	30308847000227840	0
49	0	30306936138244096	0
49	0	30303865953845249	0
49	0	30285050637455360	0
49	0	30273593405345792	0
49	0	30271938500763648	0
49	0	30266490108248064	0
49	0	30250113033048064	0
49	0	30248860785836032	0
49	0	30246590987898880	0
49	0	30246348825563136	0
49	0	30246146408452098	0
49	0	30244298783985664	0
49	0	30210474544988161	0
49	0	30181301977882625	0
49	0	30176063334121472	0
49	0	30157554931736576	0
49	0	30157351658979328	0
49	0	30156851068805120	0
49	0	30156002150064128	0
49	0	30155380638097409	0
49	0	30154743644950528	0
49	0	30153276775202816	0
49	0	30152865200742400	0
49	0	30151817706864640	0
49	0	30149431982559232	0
49	0	30146572553555968	0
49	0	30144461279334400	0
49	0	30142762280034305	0
49	0	30140074897186816	0
49	0	30139688098463744	0
49	0	30138825997029376	0
49	0	30137005467762688	0
49	0	30136377295241218	0
49	0	30118516719886336	0
49	0	30115844503642112	0
49	0	30109553953607680	0
49	0	30105997502586881	0
49	0	30101596515868673	0
49	0	30100481678245889	0
49	0	30099508914298880	0
49	0	30093547512270848	0
49	0	30090919986339842	0
49	0	30090467454488576	0
49	0	30087830369734656	0
49	0	30083675009851393	0
49	0	30072411583946752	0
49	0	30063642690981888	0
49	0	30060440012726272	0
49	0	30059895126491136	0
49	0	30058840678465537	0
49	0	30053106599329793	0
49	0	30040681028263937	0
49	0	30037993280507906	0
49	0	30036177058795520	0
49	0	30032178775597056	0
49	0	30021228290904064	0
49	0	30014585582919680	0
49	0	30013772504498176	0
49	0	30011169838202880	0
49	0	30005593880133632	0
49	0	29992311538585601	0
49	0	29981490221682689	0
49	0	29971179301240833	0
49	0	29969536539164673	0
49	0	29965770087727104	0
49	0	29957866773282816	0
49	0	29955490628763648	0
49	0	29953690391547904	0
49	0	29946134940094464	0
49	0	29945635025199105	0
49	0	29940772564373505	0
49	0	29939095878762496	0
49	0	29938458067738625	0
49	0	29936285242101760	0
49	0	29934471260151808	0
49	0	29933456704151552	0
49	0	29930737146789889	0
49	0	29927858302357504	0
49	0	29922339378438144	0
49	0	29920448829460481	0
49	0	29910600687554561	0
49	0	29908590911295489	0
49	0	29903002357727233	0
49	0	29901984060407808	0
49	0	29900583221592066	0
49	0	29899574969638912	0
49	0	29891255580237824	0
49	0	29885619907854336	0
49	0	29882434786955265	0
49	0	29870900773916675	0
49	0	29864506452611073	0
49	0	29861815986954240	0
49	0	29859253145575424	0
49	0	29859128675401729	0
49	0	29849079261433856	0
49	0	29837367544123392	0
49	0	29831716021477376	0
49	0	29828397521707008	0
49	0	29822434702008320	0
49	0	29808846390173696	0
49	0	29805329264934912	0
49	0	29789180208877569	0
49	0	29769999937699840	0
49	0	29766401858215936	0
49	0	29748719242969088	0
49	0	29741373099868160	0
49	0	29732818183524354	0
49	0	29725732527669249	0
49	0	29717835919925248	0
49	0	29716354374307840	0
49	0	29713890090680320	0
49	0	29700089173778432	0
49	0	29698320335110144	0
49	0	29691725832257536	0
49	0	29685702992076800	0
49	0	29683427498262528	0
49	0	29681803295989761	0
49	0	29674021830262784	0
49	0	29666215077093376	0
49	0	29665577349947392	0
49	0	29658490565828608	0
49	0	29653370469879808	0
49	0	29642529309728768	0
49	0	29634570403975168	0
49	0	29630910282342401	0
49	0	29630308949168129	0
49	0	29628691466158080	0
49	0	29624224180076544	0
49	0	29619859289538561	0
49	0	29611404143108096	0
49	0	29608674968215552	0
49	0	29591491336740864	0
49	0	29587821169737728	0
49	0	29585992163794944	0
49	0	29581422595411968	0
49	0	29579633754112000	0
49	0	29570419807748096	0
49	0	29568926866210816	0
49	0	29561237964587008	0
49	0	29556235892166656	0
49	0	29554992209727490	0
49	0	29553000246677504	0
49	0	29547263772594178	0
49	0	29544467262341120	0
49	0	29540107971203072	0
49	0	29532652478398464	0
49	0	29523661006311425	0
49	0	29521146818863104	0
49	0	29520316547989504	0
49	0	29519587129171969	0
49	0	29519560214319104	0
49	0	29511342243192832	0
49	0	29506279982501888	0
49	0	29500970249486336	0
49	0	29483119413297153	0
49	0	29476010806222848	0
49	0	29470374601170944	0
49	0	29463621138391040	0
49	0	29462010437574656	0
49	0	29449643800657920	0
49	0	29440524268077056	0
49	0	29426693491920896	0
49	0	29424902402478080	0
49	0	29423166744961024	0
49	0	29415955956244480	0
49	0	29405606045552640	0
49	0	29394129750335488	0
49	0	29387683897802752	0
49	0	29381909976977408	0
49	0	29376233200422913	0
49	0	29370225547812864	0
49	0	29369713410703360	0
49	0	29359823946522624	0
49	0	29357347780435968	0
49	0	29338041961152512	0
49	0	29335774658830336	0
49	0	29327214214385664	0
49	0	29321697593131009	0
49	0	29311810158985216	0
49	0	29303232492732417	0
49	0	29300572217675776	0
49	0	29297574762520578	0
49	0	29290578835415040	0
49	0	29278728123064320	0
49	0	29272392194854912	0
49	0	29269423860752384	0
49	0	29267529713061888	0
49	0	29266794929717248	0
49	0	29266191893667840	0
49	0	29259956800724992	0
49	0	29241206470873088	0
49	0	29234376386543616	0
49	0	29228481770422272	0
49	0	29197240052482048	0
49	0	29178470613393408	0
49	0	29144848422404097	0
49	0	29144498294493184	0
49	0	29142303876583425	0
49	0	29116935333486592	0
49	0	29102571838775297	0
49	0	29102384466628608	0
49	0	29100796398280704	0
49	0	29090106375671808	0
49	0	29086212409008128	0
49	0	29074926807814144	0
49	0	29063403888705536	0
49	0	29062534837309440	0
49	0	29059954061082625	0
49	0	29042168182083584	0
49	0	29040441684918272	0
49	0	29038811535114240	0
49	0	29027906416017408	0
49	0	29027723569532928	0
49	0	29022949981818881	0
49	0	29017688512663552	0
49	0	29011081254928385	0
49	0	29010767625846784	0
49	0	28999454078009344	0
49	0	28990037999747072	0
49	0	28982485769527296	0
49	0	28970139625988096	0
49	0	28965839453560832	0